strains	param_a	param_b	param_c	param_d	param_e	param_f
AB1	0.23255	-0.18563	0.23649	-0.0253	-0.0018783	0.057552
BRC20067	0.3026	-0.16662	0.23438	-0.028955	-0.0016031	0.11544
CB4852	0.26293	-0.19714	0.34422	-0.027657	-0.0095661	0.05
CB4854	0.55013	-0.2	0.20413	-0.030738	-0.0040515	0.05
CB4856	0.57965	-0.14587	0.18231	-0.029278	-0.0025278	0.05
CB4932	0.39283	-0.15029	0.2302	-0.016791	-0.0011731	0.087567
CX11254	0.58289	-0.12181	0.11573	-0.038882	-0.018897	0.05
CX11262	0.60854	-0.14357	0.13266	-0.10982	-0.02048	0.05
CX11264	0.55189	-0.17035	0.2203	-0.026684	-0.002398	0.13264
CX11271	0.60954	-0.17046	0.14585	-0.032725	-0.015461	0.05
CX11276	0.4779	-0.18772	0.28329	-0.034695	-0.0046687	0.05
CX11285	0.64039	-0.18267	0.19404	-0.034003	-0.0045546	0.05
CX11292	0.38892	-0.14573	0.20106	-0.019663	-0.00085054	0.072479
CX11307	0.46315	-0.1832	0.27019	-0.047509	-0.011357	0.05
CX11314	0.5665	-0.16699	0.2042	-0.025008	-0.0015392	0.050709
CX11315	0.58524	-0.15939	0.16482	-0.030386	-0.0034347	0.05
DL200	0.40892	-0.13963	0.27177	-0.026665	-0.0033651	0.095969
DL226	0.46094	-0.1358	0.25304	-0.02581	-0.0040427	0.050051
DL238	0.42532	-0.16299	0.16935	-0.02241	-0.0026113	0.087567
ECA246	0.64872	-0.14759	0.16349	-0.04757	-0.011223	0.058893
ECA248	0.32595	-0.2	0.24406	-0.027707	-0.0023462	0.1094
ECA250	0.54592	-0.12936	0.18558	-0.023908	-0.0071286	0.054438
ECA251	0.41139	-0.15258	0.22964	-0.028752	-0.0016856	0.053038
ECA252	0.14276	-0.2	0.22916	-0.027323	-0.0038521	0.05
ECA259	0.82194	-0.14683	0.16691	-0.021623	-0.0012015	0.05
ECA348	0.49748	-0.19536	0.2096	-0.044247	-0.0019759	0.05
ECA349	0.44543	-0.1781	0.21412	-0.035353	-0.0019949	0.05
ECA36	0.76692	-0.18784	0.16556	-0.030723	-0.00174	0.05
ECA363	0.71249	-0.19205	0.16357	-0.028192	-0.0096102	0.05
ECA372	0.47727	-0.12385	0.24493	-0.021998	-0.0032652	0.050017
ECA396	0.58511	-0.14417	0.13188	-0.079268	-0.011155	0.05
ED3005	0.34724	-0.18063	0.23367	-0.021536	-0.0018521	0.050747
ED3011	0.52593	-0.15519	0.24564	-0.029259	-0.0034479	0.050054
ED3012	0.41703	-0.18085	0.21635	-0.026744	-0.0022556	0.050016
ED3017	0.55399	-0.15961	0.24859	-0.036945	-0.0050358	0.054479
ED3040	0.4551	-0.17899	0.21287	-0.031263	-0.0019013	0.05
ED3046	0.25994	-0.15718	0.23645	-0.014451	-0.00092777	0.1792
ED3048	0.50499	-0.1521	0.24105	-0.038404	-0.0057137	0.071585
ED3049	0.42481	-0.18037	0.22879	-0.031851	-0.0034031	0.050228
ED3052	0.50492	-0.15906	0.26498	-0.032768	-0.0039359	0.050003
ED3073	0.34147	-0.18084	0.27858	-0.031697	-0.0030888	0.054444
ED3077	0.34743	-0.19242	0.2917	-0.023988	-0.002397	0.15984
EG4347	0.32789	-0.18681	0.2753	-0.022169	-0.0021929	0.082541
EG4349	0.34266	-0.2	0.30127	-0.029525	-0.0018961	0.050015
EG4724	0.35685	-0.18262	0.26167	-0.023329	-0.0020156	0.14363
EG4725	0.43605	-0.17644	0.21898	-0.025748	-0.0029194	0.069659
EG4946	0.39329	-0.2	0.153	-0.03228	-0.0028979	0.055467
GXW1	0.26968	-0.18418	0.22146	-0.030091	-0.0020156	0.18747
JT11398	0.35365	-0.2	0.26628	-0.029415	-0.0021801	0.053409
JU1088	0.43008	-0.19579	0.24328	-0.023868	-0.0024848	0.050019
JU1172	0.5049	-0.16479	0.2228	-0.032271	-0.004268	0.05
JU1200	0.49287	-0.2	0.15834	-0.032148	-0.0018361	0.05
JU1212	0.50761	-0.13648	0.21535	-0.021237	-0.0022289	0.050018
JU1213	0.39832	-0.2	0.20867	-0.038483	-0.0030307	0.065644
JU1242	0.50721	-0.12605	0.2502	-0.016761	-0.0017331	0.050006
JU1246	0.42031	-0.16139	0.18453	-0.042476	-0.0031521	0.05
JU1395	0.31226	-0.19999	0.2562	-0.046556	-0.0031945	0.11078
JU1400	0.43544	-0.13109	0.28246	-0.036283	-0.0081775	0.05
JU1409	0.69401	-0.15894	0.11373	-0.026601	-0.0029408	0.05
JU1440	0.40945	-0.15207	0.25195	-0.022343	-0.0010999	0.07381
JU1491	0.3959	-0.18419	0.276	-0.035941	-0.0037137	0.05
JU1530	0.45352	-0.12556	0.21083	-0.017894	-0.0040314	0.06035
JU1543	0.338	-0.2	0.24731	-0.018487	-0.00056464	0.13822
JU1568	0.33426	-0.19796	0.23288	-0.019618	-0.0011507	0.096096
JU1580	0.50832	-0.1504	0.2291	-0.040839	-0.0053416	0.058804
JU1581	0.61832	-0.15281	0.21182	-0.02851	-0.0019129	0.05
JU1586	0.45633	-0.17878	0.21978	-0.034022	-0.0027275	0.05005
JU1652	0.33263	-0.14545	0.21916	-0.049561	-0.002323	0.05
JU1793	0.46201	-0.13375	0.24265	-0.033236	-0.0070262	0.050001
JU1808	0.33757	-0.19998	0.23603	-0.034893	-0.0022889	0.05004
JU1896	0.49148	-0.1329	0.17842	-0.025002	-0.0026409	0.10736
JU2001	0.39616	-0.18381	0.25365	-0.027678	-0.0040186	0.11197
JU2007	0.45766	-0.16643	0.22111	-0.025503	-0.0013756	0.061329
JU2131	0.45027	-0.15422	0.21601	-0.026166	-0.0023509	0.050008
JU2141	0.56164	-0.14633	0.20541	-0.034784	-0.01811	0.05
JU2234	0.65262	-0.12421	0.1119	-0.021968	-0.0058353	0.050109
JU2464	0.36109	-0.2	0.25753	-0.018865	-0.0013165	0.12168
JU2466	0.30748	-0.12136	0.26592	-0.018319	-0.0024582	0.093101
JU2513	0.47072	-0.14425	0.26434	-0.035039	-0.0025904	0.05
JU2519	0.39044	-0.16502	0.28065	-0.025887	-0.0024624	0.05
JU2522	0.43605	-0.14484	0.25447	-0.03578	-0.0035013	0.05
JU2526	0.62038	-0.13739	0.19081	-0.018991	-0.0026642	0.056301
JU2534	0.41675	-0.1461	0.29121	-0.039377	-0.0038152	0.05
JU2565	0.34754	-0.15379	0.24158	-0.023351	-0.0041969	0.05
JU2566	0.66962	-0.13044	0.21383	-0.033818	-0.032697	0.05
JU2578	0.28694	-0.18836	0.19645	-0.032868	-0.0019979	0.05
JU258	0.5546	-0.17838	0.20268	-0.02741	-0.004384	0.050001
JU2587	0.29679	-0.19286	0.19857	-0.020123	-0.00091607	0.10771
JU2593	0.35438	-0.14642	0.26844	-0.026518	-0.0022809	0.05
JU2600	0.53559	-0.19996	0.22611	-0.041157	-0.0073921	0.05
JU2800	0.4491	-0.15584	0.15097	-0.031074	-0.0019539	0.051186
JU2862	0.67142	-0.13435	0.18339	-0.023665	-0.002175	0.11652
JU2866	0.52904	-0.1909	0.25675	-0.028512	-0.0021061	0.050021
JU2878	0.4425	-0.18166	0.27039	-0.041075	-0.0040088	0.05
JU2879	0.5612	-0.11445	0.15783	-0.09345	-0.0062002	0.058693
JU2906	0.63972	-0.13626	0.17111	-0.02497	-0.0018481	0.096341
JU310	0.41773	-0.16023	0.22591	-0.032742	-0.0029335	0.05
JU311	0.55265	-0.2	0.24017	-0.040293	-0.0030015	0.050001
JU3125	0.62829	-0.17983	0.21455	-0.05303	-0.021108	0.05
JU3127	0.56432	-0.11952	0.1163	-0.039209	-0.0042678	0.069076
JU3134	0.3998	-0.19999	0.18269	-0.042118	-0.0041749	0.050001
JU3135	0.31355	-0.15857	0.22978	-0.030842	-0.0026428	0.072636
JU3137	0.42251	-0.15013	0.27063	-0.022839	-0.0026225	0.050164
JU3140	0.42205	-0.15767	0.20726	-0.020614	-0.0017825	0.11516
JU323	0.43565	-0.15714	0.24728	-0.027703	-0.0032499	0.05
JU346	0.35069	-0.19919	0.29344	-0.030686	-0.002325	0.050015
JU360	0.63287	-0.1379	0.13443	-0.025364	-1.082e-05	0.05
JU367	0.37067	-0.1746	0.26631	-0.027638	-0.0021838	0.05
JU393	0.18029	-0.18295	0.27716	-0.023875	-0.0012523	0.050108
JU394	0.35128	-0.2	0.30424	-0.028417	-0.0031264	0.050002
JU397	0.7265	-0.1999	0.136	-0.022935	-0.002746	0.05
JU406	0.55045	-0.2	0.24456	-0.03313	-0.0062947	0.05
JU440	0.86954	-0.15082	0.15046	-0.022049	-8.9845e-08	0.05
JU561	0.37978	-0.2	0.22932	-0.039413	-0.0018878	0.05
JU642	0.41279	-0.2	0.16161	-0.049042	-0.0057242	0.05
JU751	0.3061	-0.17055	0.21673	-0.039704	-0.001309	0.05
JU774	0.57718	-0.19147	0.23003	-0.03988	-0.0069279	0.05
JU775	0.43312	-0.16171	0.23054	-0.02817	-0.0029285	0.050003
JU778	0.48082	-0.18013	0.27385	-0.025786	-0.0039662	0.064333
JU782	0.34113	-0.18445	0.28878	-0.026604	-0.0036926	0.05
JU792	0.46647	-0.16033	0.21368	-0.035733	-0.0048878	0.05
JU830	0.38406	-0.2	0.23363	-0.026477	-0.0015632	0.11179
JU847	0.43643	-0.14079	0.14607	-0.022559	-0.0040869	0.11243
KR314	0.23802	-0.19749	0.27631	-0.022302	-0.0023268	0.051291
LKC34	0.36895	-0.19593	0.27648	-0.028083	-0.0019789	0.073143
LSJ1	0.61163	-0.13913	0.20941	-0.033412	-0.0061824	0.050004
MY1	0.37392	-0.16125	0.30358	-0.025598	-0.002658	0.050143
MY10	0.46121	-0.13017	0.19941	-0.03216	-0.0031477	0.05
MY16	0.45681	-0.16557	0.22272	-0.029958	-0.0033052	0.050626
MY18	0.39238	-0.14354	0.24227	-0.026353	-0.0025289	0.05
MY2212	0.65579	-0.13104	0.13625	-0.040742	-0.0046505	0.05
MY23	0.67523	-0.1543	0.12648	-0.031049	-0.0021765	0.050001
MY2453	0.40648	-0.16647	0.27975	-0.02909	-0.0016836	0.05
MY2530	0.37314	-0.16713	0.23616	-0.026946	-0.0022333	0.10951
MY2535	0.52876	-0.16257	0.21327	-0.04188	-0.0052805	0.050003
MY2573	0.51567	-0.12643	0.2526	-0.039239	-0.0031435	0.05
MY2693	0.50503	-0.15323	0.25596	-0.034529	-0.0016797	0.05
MY2741	0.43536	-0.15432	0.21771	-0.020668	-0.0011097	0.066145
MY679	0.49951	-0.1329	0.18976	-0.028467	-0.0028604	0.079199
MY920	0.36916	-0.16275	0.27613	-0.038916	-0.0042462	0.05
N2	0.16718	-0.2	0.26618	-0.021328	-0.0027726	0.08633
NIC1	0.35748	-0.14648	0.24434	-0.029562	-0.003095	0.1376
NIC1107	0.27709	-0.15842	0.20806	-0.04841	-0.0028151	0.05
NIC166	0.54026	-0.15463	0.19397	-0.034241	-0.0023571	0.05
NIC195	0.51562	-0.16675	0.34723	-0.055149	-0.023105	0.05
NIC199	0.59781	-0.18937	0.20469	-0.03055	-0.0063687	0.05
NIC2	0.44653	-0.18303	0.29981	-0.040494	-0.0040616	0.05004
NIC207	0.49478	-0.17426	0.23948	-0.031133	-0.0053159	0.05
NIC231	0.2916	-0.12577	0.32418	-0.023962	-0.0021122	0.062602
NIC236	0.48169	-0.17679	0.22099	-0.026468	-0.002226	0.05
NIC242	0.47612	-0.2	0.30001	-0.028125	-0.0027523	0.05
NIC251	0.41276	-0.2	0.24346	-0.024502	-0.0017228	0.05
NIC252	0.63135	-0.17018	0.16561	-0.032315	-0.0055696	0.065435
NIC255	0.47561	-0.15148	0.26813	-0.024734	-0.0012691	0.050078
NIC256	0.39482	-0.14002	0.36123	-0.023534	-0.0027123	0.055961
NIC258	0.32594	-0.1098	0.28581	-0.024505	-0.0028516	0.089124
NIC259	0.48565	-0.14816	0.26205	-0.046551	-0.0091724	0.05
NIC260	0.4507	-0.18935	0.27016	-0.03248	-0.0041984	0.05
NIC261	0.5806	-0.19395	0.24899	-0.038268	-0.0044102	0.07706
NIC262	0.57021	-0.12227	0.12169	-0.057289	-0.018889	0.05
NIC265	0.25746	-0.19892	0.24881	-0.029458	-0.0048755	0.13163
NIC266	0.4476	-0.15385	0.25653	-0.030788	-0.014977	0.05
NIC267	0.36614	-0.17887	0.26616	-0.025113	-0.001482	0.079689
NIC268	0.542	-0.14039	0.16913	-0.03043	-0.0032412	0.089592
NIC269	0.6035	-0.1301	0.29143	-0.056675	-0.013451	0.05
NIC271	0.38274	-0.18943	0.32587	-0.027398	-0.0033174	0.050081
NIC272	0.26494	-0.17965	0.24023	-0.026956	-0.0019267	0.076948
NIC274	0.46792	-0.14639	0.21992	-0.031939	-0.0036909	0.05
NIC275	0.54017	-0.17584	0.17527	-0.03443	-0.0028049	0.062837
NIC276	0.46841	-0.16695	0.21723	-0.021545	-0.0013368	0.05
NIC277	0.4916	-0.18899	0.20668	-0.037183	-0.0023028	0.05
NIC3	0.39689	-0.2	0.22921	-0.037812	-0.0053164	0.072974
NIC513	0.53097	-0.14195	0.19367	-0.032078	-0.0020324	0.05
NIC514	0.63266	-0.16728	0.23545	-0.035767	-0.0071737	0.052788
NIC522	0.42468	-0.15517	0.27951	-0.025228	-0.0027403	0.065783
NIC523	0.42417	-0.2	0.32151	-0.026911	-0.0052699	0.05
PB303	0.3896	-0.18846	0.22558	-0.0275	-0.0015224	0.05
PS2025	0.77585	-0.15635	0.2119	-0.044916	-0.017437	0.05
PX179	0.40501	-0.15353	0.28057	-0.047524	-0.0028977	0.05
QG2075	0.35337	-0.17167	0.20513	-0.031811	-0.0019901	0.12234
QG536	0.52426	-0.11267	0.23956	-0.023884	-0.0020066	0.050055
QG556	0.74525	-0.1529	0.24508	-0.028489	-0.0019365	0.05
QG557	0.73006	-0.18013	0.18812	-0.023543	-0.022425	0.05
QW947	0.37562	-0.18189	0.36287	-0.029512	-0.0032894	0.10403
QX1212	0.38475	-0.12641	0.2445	-0.018983	-0.0017383	0.061671
QX1233	0.44422	-0.2	0.16646	-0.044294	-0.0044804	0.058377
QX1791	0.69371	-0.1983	0.20388	-0.032897	-0.0040611	0.05
QX1792	0.39956	-0.1114	0.19082	-0.022594	-0.0015039	0.081552
QX1793	0.53915	-0.11846	0.17267	-0.022435	-0.0016872	0.080809
QX1794	0.58206	-0.14759	0.17498	-0.022652	-0.0030385	0.05
RC301	0.40719	-0.1592	0.2484	-0.032424	-0.0016621	0.05
WN2001	0.48588	-0.14679	0.2364	-0.02501	-0.0011141	0.064596
WN2002	0.39801	-0.15234	0.21429	-0.038887	-0.0016944	0.05001
WN2033	0.37589	-0.19382	0.2733	-0.030587	-0.0024173	0.079687
XZ1513	0.57475	-0.12963	0.17043	-0.070492	-0.0015428	0.05
XZ1514	0.76287	-0.15045	0.076407	-0.031989	-0.0063738	0.050028
XZ1516	0.66222	-0.098342	0.14597	-0.096507	-0.018156	0.05
