strain	cluster	mw	sw	clusterNorm	mwNorm
AB1	3.1629	2.0772	1.8027	1.7546	1.3243
BRC20067	3.0304	1.9729	1.8292	1.9176	1.1354
CB4852	3.9585	1.8524	1.9582	2.2807	1.1445
CB4854	3.5913	2.5581	1.781	2.0118	1.5069
CB4856	3.568	2.6338	1.788	1.9472	1.5056
CB4932	3.1563	2.4861	1.7172	1.8002	1.4534
CX11254	3.1786	2.3357	1.6978	1.9182	1.3849
CX11262	4.3191	2.3894	1.7623	2.4509	1.4249
CX11264	2.6663	1.7882	1.5571	1.7542	1.2178
CX11271	3.8302	1.9897	1.5078	2.5373	1.406
CX11276	3.6688	2.474	1.8279	1.9758	1.4062
CX11285	3.1701	2.4597	1.6671	1.8965	1.4447
CX11292	3.6609	2.5225	1.8265	1.9578	1.349
CX11307	3.5019	1.9499	1.7392	2.0518	1.1687
CX11314	3.5908	2.5538	1.7739	1.9866	1.4643
CX11315	3.5188	2.236	1.5905	2.1993	1.4029
DL200	3.5491	3.0015	1.831	1.9384	1.7096
DL226	3.5808	2.9008	1.9346	1.8409	1.4897
DL238	3.4609	2.3929	1.836	1.9643	1.2667
ECA246	2.7408	1.1354	1.2125	2.2642	0.96774
ECA248	3.4233	2.9532	1.9431	1.7618	1.5199
ECA250	4.0162	2.8991	2.0397	2.472	1.5556
ECA251	3.4219	2.9025	1.7899	1.8585	1.5861
ECA252	6.3108	2.4752	1.9317	3.2525	1.2906
ECA259	4.0362	2.8615	1.8031	2.2393	1.5549
ECA348	3.6306	1.2564	1.7597	1.9688	0.74256
ECA349	2.6625	2.4752	1.5885	1.8716	1.5582
ECA36	3.5992	2.7515	1.7832	2.0325	1.4958
ECA363	3.5365	1.997	1.7358	1.9503	1.1743
ECA372	3.4595	2.8615	1.9914	1.7372	1.4402
ECA396	4.0996	2.7225	1.6902	2.4265	1.6105
ED3005	4.2986	2.6994	1.8858	2.2923	1.4354
ED3011	3.3573	2.8061	1.7127	1.8882	1.5488
ED3012	3.507	2.8571	1.731	1.9928	1.601
ED3017	3.6217	2.3011	1.7734	2.2044	1.4142
ED3040	4.2657	3.4208	1.8487	2.4056	1.8994
ED3046	2.8461	2.2128	1.7868	1.7118	1.3698
ED3048	4.6834	2.8889	1.8222	2.5133	1.57
ED3049	3.3976	2.7625	1.6202	2.0025	1.5306
ED3052	4.0066	2.0514	1.8934	2.1401	1.0834
ED3073	3.5446	2.6369	1.6673	2.1275	1.5028
ED3077	3.618	2.5591	1.7037	2.1106	1.5021
EG4347	3.5955	2.4011	1.7007	2.0649	1.4004
EG4349	4.6934	3.3383	1.8697	2.51	1.7875
EG4724	3.6917	2.4071	1.6012	2.1812	1.5033
EG4725	3.8301	2.4335	1.8212	2.0803	1.3566
EG4946	3.3955	2.8861	1.8987	1.7793	1.5182
GXW1	3.1819	2.4318	1.7617	1.7159	1.4523
JT11398	3.6409	3.0249	1.8368	2.1632	1.6558
JU1088	3.3385	2.4287	1.7078	2.0279	1.4622
JU1172	3.6494	2.6571	1.6634	2.1836	1.6216
JU1200	3.6996	2.4989	1.5883	2.1668	1.5754
JU1212	3.6321	2.2031	1.7687	2.1523	1.3358
JU1213	3.521	3.0007	1.8717	2.0073	1.5649
JU1242	3.4118	2.8368	1.8461	1.8479	1.5816
JU1246	3.1189	2.7199	1.9292	1.7012	1.4591
JU1395	3.2907	2.8083	1.8127	1.8323	1.564
JU1400	2.6798	1.6596	1.5605	1.6605	1.0774
JU1409	3.3797	2.5264	1.6829	2.0325	1.508
JU1440	3.3777	2.3562	1.7007	2.158	1.3965
JU1491	3.8862	2.8049	1.8992	2.1489	1.4769
JU1530	3.1985	2.6447	1.8281	1.8217	1.4925
JU1543	3.3019	2.464	1.6444	1.7561	1.4433
JU1568	3.5791	2.4635	1.9182	1.8409	1.2634
JU1580	3.2512	2.5411	1.6817	1.9333	1.4235
JU1581	4.847	2.9525	1.8575	2.6448	1.5929
JU1586	3.1229	2.3623	1.6873	1.887	1.4005
JU1652	2.9439	2.2428	1.9465	1.5441	1.1408
JU1793	3.4314	2.6879	1.7041	1.9752	1.5326
JU1808	3.6048	2.713	1.8685	2.0415	1.3928
JU1896	3.0251	2.4045	1.7768	1.7228	1.3864
JU2001	2.9381	1.6741	1.5615	1.889	1.1323
JU2007	3.5916	2.6121	1.679	2.0237	1.5792
JU2131	3.1485	2.5035	1.748	1.8781	1.4284
JU2141	3.4633	2.2153	1.5773	2.0848	1.4075
JU2234	3.5636	2.5923	1.7651	2.0212	1.4488
JU2464	2.5166	2.0924	1.453	1.7321	1.4047
JU2466	3.239	2.5298	1.7441	1.8409	1.5224
JU2513	3.5613	2.4435	1.8075	2.0476	1.4709
JU2519	3.2741	2.2972	1.7085	1.9846	1.4056
JU2522	3.9557	2.4704	1.869	2.1611	1.35
JU2526	4.7622	2.9171	1.8758	2.2555	1.5271
JU2534	3.1966	2.5134	1.6968	1.8839	1.502
JU2565	3.1253	2.2855	1.8485	1.566	1.3204
JU2566	3.4114	2.4797	1.5895	2.0242	1.439
JU2578	3.2522	2.7712	1.9221	1.692	1.4418
JU258	3.7427	2.4481	1.6405	2.1105	1.5012
JU2587	3.5611	2.4069	1.791	2.0295	1.3349
JU2593	3.7063	2.9159	2.1184	1.7284	1.3766
JU2600	3.9511	2.5999	1.7454	2.2481	1.4784
JU2800	3.3266	2.692	1.7894	1.8208	1.4753
JU2862	2.8908	1.9743	1.7363	1.5459	1.1151
JU2866	3.8635	2.4857	1.6222	2.3472	1.5293
JU2878	3.373	2.4518	1.6427	2.0401	1.4926
JU2879	4.2603	2.6849	1.7758	2.3958	1.5118
JU2906	3.1575	2.6859	1.7515	1.8186	1.5425
JU310	3.0415	2.3059	1.7646	1.8869	1.3948
JU311	4.2779	2.9939	1.7602	2.4208	1.7008
JU3125	3.6977	2.8463	1.8582	2.0473	1.521
JU3127	3.5726	2.7079	1.9192	1.8397	1.4109
JU3134	3.2302	2.4397	1.7212	1.8767	1.4378
JU3135	3.6429	3.1829	1.9477	1.8352	1.6034
JU3137	3.3702	2.7225	1.7978	1.7617	1.4982
JU3140	3.3488	2.5454	1.738	1.9349	1.4651
JU323	3.8403	2.6152	1.8841	2.1465	1.4541
JU346	3.5428	2.1655	1.6275	2.1251	1.4006
JU360	3.3699	2.8274	1.8592	1.7797	1.5207
JU367	3.148	2.3043	1.8382	1.6944	1.2278
JU393	2.9663	2.6174	1.8002	1.6462	1.453
JU394	3.3311	2.5033	1.897	1.8186	1.3589
JU397	3.1734	2.3487	1.5939	2.0123	1.473
JU406	3.6896	2.4094	1.7207	2.1443	1.4514
JU440	4.394	2.5771	1.6875	2.5692	1.5061
JU561	3.5443	2.8938	1.991	1.7808	1.4992
JU642	3.956	2.9241	1.7797	2.2251	1.641
JU751	3.1295	2.6747	1.9889	1.5781	1.3194
JU774	4.1052	2.3762	1.6295	2.4279	1.4452
JU775	3.472	2.5962	1.788	2.0137	1.4778
JU778	3.7206	2.7186	1.7615	2.1156	1.5481
JU782	4.5702	2.5289	1.9705	2.299	1.2849
JU792	3.7377	2.7744	1.8582	2.0067	1.4923
JU830	3.845	2.6718	1.7714	2.0605	1.5669
JU847	3.3561	2.6808	1.7322	1.9389	1.4995
KR314	3.0868	2.5049	1.721	1.7454	1.4556
LKC34	3.639	2.7181	1.7544	1.9877	1.5099
LSJ1	3.9235	2.9393	1.7427	2.2571	1.6911
MY1	3.594	2.5152	1.672	2.0884	1.3488
MY10	3.0944	2.564	1.9036	1.7287	1.4274
MY16	4.072	3.0035	1.9273	2.1571	1.5954
MY18	2.8096	1.7227	1.9845	1.6219	1.1676
MY2212	3.4258	2.4566	1.8251	1.905	1.3788
MY23	4.4458	3.2473	1.977	2.2487	1.7087
MY2453	3.7037	3.0084	1.8465	1.9229	1.5988
MY2530	3.0211	2.6186	1.8081	1.6708	1.4566
MY2535	3.4623	2.7103	1.752	1.9146	1.4983
MY2573	3.2585	2.6095	1.8775	1.6985	1.3607
MY2693	3.8872	2.7342	1.8082	2.2157	1.4657
MY2741	3.5843	3.1161	1.8968	1.8882	1.5694
MY679	3.3231	2.5052	1.8002	1.9087	1.4493
MY920	3.3639	1.4495	1.8765	2.0185	0.70647
N2	5.325	2.6713	1.8661	2.9291	1.4231
NIC1	3.3433	2.5406	1.7792	1.8096	1.4162
NIC1107	3.2122	2.6913	1.8263	1.8275	1.5941
NIC166	2.9941	1.7602	1.5978	1.6155	1.0487
NIC195	4.9736	2.9263	1.8522	2.661	1.5885
NIC199	3.6413	2.4971	1.7417	2.1205	1.4565
NIC2	3.4904	2.8456	1.801	2.005	1.6357
NIC207	3.115	2.4572	1.6934	1.8395	1.4511
NIC231	3.4865	2.6523	1.8834	1.8222	1.4076
NIC236	3.4243	2.8522	1.732	1.9771	1.6022
NIC242	3.3248	2.3233	1.6907	2.0228	1.3891
NIC251	3.1558	2.592	1.7458	1.8408	1.5325
NIC252	3.5037	2.3962	1.5637	2.3478	1.5269
NIC255	3.3974	2.4301	1.7556	1.9684	1.3951
NIC256	4.3805	2.4081	1.6756	2.4059	1.3375
NIC258	3.5595	2.7679	1.8079	2.0521	1.471
NIC259	4.3183	2.8742	1.8324	2.3567	1.5686
NIC260	4.211	3.1305	1.8627	2.1661	1.6806
NIC261	3.756	2.7119	1.7215	2.1375	1.6002
NIC262	4.2359	2.9284	2.0397	2.0768	1.4357
NIC265	3.5589	2.2516	1.6463	1.9894	1.3352
NIC266	4.55	2.5942	1.8075	2.4756	1.4352
NIC267	3.9062	3.0437	1.8578	2.1589	1.6496
NIC268	4.0401	3.0263	1.7997	2.2363	1.682
NIC269	3.5804	2.3326	1.7675	2.0137	1.3153
NIC271	3.8848	2.8415	1.9536	1.973	1.4432
NIC272	3.0443	2.2479	1.7517	1.738	1.2833
NIC274	3.4415	2.4011	1.6085	2.0965	1.4927
NIC275	2.7074	2.1938	1.5651	1.7701	1.4017
NIC276	3.6882	2.8036	1.8892	2.005	1.4737
NIC277	3.9504	2.7011	1.7227	2.1106	1.5387
NIC3	3.3055	2.4728	1.6889	1.9572	1.4394
NIC513	3.0366	2.3945	1.659	1.8121	1.4833
NIC514	3.555	2.6742	1.7685	2.0287	1.4567
NIC522	3.6384	2.8891	1.8782	1.9006	1.5262
NIC523	3.1746	2.5124	1.651	1.9229	1.4589
PB303	3.2912	2.3269	1.6851	2.0468	1.4823
PS2025	4.3296	2.6494	1.6744	2.6021	1.5948
PX179	3.7189	2.4479	1.6097	2.1181	1.528
QG2075	2.6152	1.9753	1.5261	1.8996	1.4137
QG536	3.6326	3.0474	1.9541	1.8589	1.5586
QG556	3.055	2.5649	1.6461	1.9333	1.5582
QG557	4.4535	2.4779	1.6739	2.6691	1.4801
QW947	3.7906	2.3489	1.7851	2.0708	1.3232
QX1212	3.0218	2.453	1.7292	1.8059	1.4502
QX1233	4.0676	2.2417	1.7987	2.3407	1.5976
QX1791	3.2702	2.4421	1.5964	2.0485	1.5407
QX1792	3.7983	2.8928	1.8368	2.1515	1.5956
QX1793	3.7569	2.9215	1.9685	1.9827	1.4841
QX1794	3.7418	2.4956	1.7285	2.1428	1.4576
RC301	3.8468	2.6201	1.7861	2.1537	1.5974
WN2001	3.7355	3.1405	1.9909	1.8662	1.5776
WN2002	3.459	2.6666	1.762	1.9856	1.4741
WN2033	3.4761	2.7674	1.8154	1.9786	1.5716
XZ1513	3.2585	2.8503	1.8831	1.7238	1.5478
XZ1514	2.6454	1.1184	1.4895	1.776	0.77916
XZ1516	0.043666	0.027791	0.019397	2.258	1.4371
