strain	cluster	mw	sw	clusterNorm	mwNorm
AB1	0.88383	0.88771	0.60897	1.7034	1.6667
BRC20067	0.81877	0.84693	0.61337	1.4955	1.5473
CB4852	0.71353	0.74454	0.52856	1.419	1.5251
CB4854	0.78861	0.80875	0.57396	1.5376	1.5767
CB4856	0.85761	0.82969	0.53294	1.7943	1.7135
CB4932	0.86212	0.83767	0.59091	1.6877	1.608
CX11254	0.7844	0.80055	0.55794	1.6023	1.6369
CX11262	0.83865	0.79981	0.55666	1.683	1.5839
CX11264	0.88728	0.85661	0.57563	1.7707	1.7385
CX11271	0.71784	0.79892	0.56757	1.466	1.5747
CX11276	0.80188	0.77515	0.57099	1.706	1.6492
CX11285	0.8029	0.77968	0.55594	1.6107	1.5815
CX11292	0.8362	0.79856	0.55834	1.6732	1.6467
CX11307	0.78574	0.83895	0.52825	1.6599	1.7689
CX11314	0.82531	0.82571	0.56988	1.6714	1.6479
CX11315	0.75401	0.81226	0.57384	1.4886	1.6035
DL200	0.80958	0.79545	0.56367	1.6292	1.6008
DL226	0.80072	0.81288	0.57423	1.5652	1.5894
DL238	0.86165	0.83142	0.55192	1.7804	1.6788
ECA246	0.66044	0.73436	0.56884	1.2886	1.3263
ECA248	0.87056	0.84514	0.54154	1.8549	1.7687
ECA250	0.86488	0.85026	0.54467	1.7826	1.7524
ECA251	0.8542	0.83235	0.5542	1.7834	1.6595
ECA252	0.52364	0.79387	0.54449	1.1162	1.6813
ECA259	0.80169	0.80102	0.53191	1.6534	1.6671
ECA348	0.64918	0.87	0.57004	1.3379	1.6654
ECA349	0.85805	0.86025	0.60828	1.564	1.5718
ECA36	0.78021	0.78112	0.53391	1.6554	1.6458
ECA363	0.62548	0.8076	0.55318	1.282	1.6394
ECA372	0.89935	0.84163	0.55204	1.823	1.706
ECA396	0.62585	0.74999	0.5321	1.3354	1.6003
ED3005	0.72108	0.80079	0.55453	1.4566	1.6165
ED3011	0.86082	0.80945	0.57092	1.6836	1.5969
ED3012	0.84226	0.82187	0.57072	1.6444	1.5981
ED3017	0.79874	0.78027	0.55152	1.5813	1.6053
ED3040	0.78656	0.78076	0.57197	1.5454	1.534
ED3046	0.9099	0.8803	0.58654	1.7468	1.7076
ED3048	0.80861	0.80303	0.57196	1.5816	1.5707
ED3049	0.84725	0.83262	0.61979	1.5863	1.5161
ED3052	0.80889	0.76843	0.56199	1.6225	1.5486
ED3073	0.79377	0.78652	0.59224	1.5636	1.5873
ED3077	0.85004	0.82466	0.58577	1.6657	1.6014
EG4347	0.83182	0.83701	0.60305	1.5827	1.6107
EG4349	0.74085	0.80215	0.60415	1.4059	1.5224
EG4724	0.80471	0.88238	0.59784	1.5319	1.6896
EG4725	0.76912	0.78905	0.56615	1.5589	1.5788
EG4946	0.85933	0.84513	0.56872	1.6889	1.6598
GXW1	0.87171	0.86633	0.58405	1.6379	1.5929
JT11398	0.82543	0.83609	0.56092	1.6762	1.6978
JU1088	0.86627	0.85139	0.58403	1.6523	1.6618
JU1172	0.74033	0.80193	0.57519	1.4431	1.538
JU1200	0.83802	0.82378	0.58533	1.6149	1.5854
JU1212	0.79717	0.81854	0.56482	1.5961	1.616
JU1213	0.76988	0.77409	0.57681	1.4808	1.4888
JU1242	0.84736	0.83253	0.54519	1.7455	1.7061
JU1246	0.89967	0.78945	0.56863	1.8295	1.6151
JU1395	0.83681	0.82857	0.59078	1.5979	1.5815
JU1400	0.87246	0.80536	0.58526	1.7126	1.581
JU1409	0.77625	0.7745	0.55346	1.5884	1.5848
JU1440	0.86799	0.84503	0.6167	1.6841	1.6339
JU1491	0.80868	0.80354	0.55683	1.6394	1.629
JU1530	0.90074	0.86638	0.5824	1.7594	1.6423
JU1543	0.89507	0.88768	0.57795	1.7638	1.731
JU1568	0.77454	0.81597	0.6134	1.4766	1.5559
JU1580	0.78583	0.77534	0.5369	1.6284	1.6186
JU1581	0.78141	0.78569	0.53077	1.6544	1.645
JU1586	0.7931	0.81871	0.55601	1.6096	1.6242
JU1652	0.87796	0.86238	0.59244	1.7046	1.6563
JU1793	0.83156	0.80509	0.59872	1.6472	1.6554
JU1808	0.85981	0.85103	0.55167	1.7218	1.7043
JU1896	0.86866	0.82943	0.58672	1.7147	1.6468
JU2001	0.879	0.85551	0.61354	1.6788	1.6679
JU2007	0.83761	0.77437	0.59525	1.6216	1.5138
JU2131	0.8721	0.85699	0.60148	1.6672	1.6536
JU2141	0.79099	0.81775	0.60327	1.4596	1.5648
JU2234	0.83166	0.8293	0.53258	1.7662	1.7609
JU2464	0.87573	0.86474	0.57065	1.7515	1.7283
JU2466	0.87049	0.86228	0.57947	1.7035	1.6549
JU2513	0.7742	0.80326	0.58741	1.507	1.5942
JU2519	0.78853	0.83339	0.61809	1.5638	1.612
JU2522	0.71906	0.96652	0.56626	1.4485	1.9644
JU2526	0.65657	0.79686	0.58434	1.2621	1.5456
JU2534	0.81155	0.83061	0.55105	1.6252	1.6178
JU2565	0.87971	0.8482	0.5662	1.7483	1.6944
JU2566	0.84896	0.81599	0.58338	1.6286	1.5679
JU2578	0.88448	0.8838	0.57708	1.74	1.7387
JU258	0.82036	0.81027	0.54805	1.7076	1.6567
JU2587	0.73937	0.73621	0.58419	1.4916	1.4732
JU2593	0.90312	0.85241	0.54503	1.9215	1.7874
JU2600	0.73007	0.76659	0.5827	1.3921	1.4794
JU2800	0.85481	0.8471	0.55343	1.7746	1.7431
JU2862	0.88964	0.9049	0.55044	1.8684	1.8484
JU2866	0.7808	0.80805	0.56713	1.5536	1.6072
JU2878	0.82088	0.80591	0.56674	1.6208	1.6007
JU2879	0.73498	0.80312	0.55181	1.5111	1.6826
JU2906	0.89929	0.87973	0.56073	1.8023	1.7639
JU310	0.87025	0.81618	0.57205	1.7078	1.6305
JU311	0.78687	0.75253	0.55441	1.6345	1.5449
JU3125	0.816	0.85208	0.55956	1.6221	1.7017
JU3127	0.86151	0.85692	0.56517	1.5819	1.5553
JU3134	0.87421	0.82563	0.59458	1.6578	1.6099
JU3135	0.85025	0.84132	0.59076	1.6546	1.6447
JU3137	0.82572	0.82029	0.58155	1.5773	1.6012
JU3140	0.84751	0.84348	0.566	1.6819	1.6802
JU323	0.82747	0.79377	0.57988	1.608	1.5408
JU346	0.79748	0.81264	0.61351	1.5004	1.5391
JU360	0.8508	0.84271	0.53964	1.7398	1.6803
JU367	0.84362	0.81945	0.56974	1.6925	1.6642
JU393	0.89867	0.85143	0.61423	1.6873	1.597
JU394	0.85278	0.80974	0.58237	1.6921	1.6287
JU397	0.84012	0.80465	0.57063	1.631	1.5622
JU406	0.66897	0.79234	0.58657	1.2875	1.5679
JU440	0.5915	0.7917	0.57683	1.1524	1.5278
JU561	0.85936	0.85452	0.53437	1.6785	1.6691
JU642	0.8096	0.81376	0.56059	1.674	1.6459
JU751	0.88158	0.87975	0.56635	1.8198	1.8157
JU774	0.66578	0.81479	0.56174	1.3266	1.5687
JU775	0.82203	0.81156	0.59772	1.5357	1.5338
JU778	0.84513	0.8315	0.53649	1.7689	1.7405
JU782	0.73458	0.78835	0.58659	1.4708	1.5848
JU792	0.87516	0.84281	0.55943	1.7969	1.73
JU830	0.83155	0.76687	0.54252	1.7412	1.6355
JU847	0.8653	0.84838	0.57207	1.6977	1.6704
KR314	0.85498	0.82128	0.61629	1.587	1.5125
LKC34	0.84477	0.80286	0.57564	1.6604	1.6018
LSJ1	0.65437	0.75273	0.54256	1.3547	1.5562
MY1	0.79331	0.77879	0.58202	1.5796	1.5421
MY10	0.89246	0.8154	0.57125	1.8049	1.6025
MY16	0.78047	0.78231	0.57983	1.5676	1.5298
MY18	0.87259	0.8644	0.52501	1.7662	1.8545
MY2212	0.83	0.84651	0.59296	1.6035	1.6238
MY23	0.75366	0.78784	0.55481	1.5163	1.5605
MY2453	0.86765	0.82009	0.57913	1.6989	1.6308
MY2530	0.87506	0.84123	0.56778	1.7276	1.6774
MY2535	0.87256	0.83544	0.54454	1.7898	1.7253
MY2573	0.85886	0.85732	0.59564	1.6896	1.6261
MY2693	0.86145	0.85578	0.58669	1.7454	1.7045
MY2741	0.87002	0.86237	0.57105	1.7042	1.7031
MY679	0.85154	0.84062	0.58914	1.6202	1.5913
MY920	0.77069	0.90919	0.5676	1.5264	1.7999
N2	0.53027	0.73354	0.59255	1.0784	1.4496
NIC1	0.87082	0.85052	0.57988	1.7153	1.6802
NIC1107	0.86783	0.85593	0.58214	1.6966	1.6549
NIC166	0.86588	0.85448	0.65364	1.731	1.5439
NIC195	0.58136	0.70642	0.56921	1.1787	1.3936
NIC199	0.82883	0.79461	0.54013	1.7109	1.6518
NIC2	0.84447	0.81813	0.56952	1.625	1.5931
NIC207	0.82974	0.8183	0.57986	1.6319	1.6094
NIC231	0.8143	0.82771	0.5621	1.643	1.6485
NIC236	0.84649	0.81891	0.57192	1.6821	1.6089
NIC242	0.85415	0.84574	0.59005	1.644	1.6449
NIC251	0.86069	0.82878	0.57566	1.7563	1.6909
NIC252	0.68912	0.79176	0.53712	1.4441	1.6815
NIC255	0.84093	0.81234	0.56838	1.7004	1.6307
NIC256	0.75559	0.76468	0.59076	1.4518	1.5003
NIC258	0.75092	0.74857	0.60476	1.4349	1.4841
NIC259	0.74092	0.76604	0.56876	1.4466	1.5723
NIC260	0.73119	0.74784	0.58163	1.4649	1.4835
NIC261	0.83034	0.78991	0.57453	1.5924	1.5148
NIC262	0.53326	0.7719	0.55592	1.0927	1.5816
NIC265	0.88397	0.72435	0.56239	1.7651	1.4469
NIC266	0.74366	0.7644	0.58018	1.4547	1.4877
NIC267	0.81509	0.82566	0.53967	1.72	1.7159
NIC268	0.82182	0.80268	0.53323	1.7263	1.686
NIC269	0.75603	0.81251	0.57668	1.4532	1.573
NIC271	0.80348	0.8125	0.56155	1.5926	1.6105
NIC272	0.91492	0.8208	0.56905	1.8425	1.653
NIC274	0.79785	0.79101	0.56018	1.5984	1.6191
NIC275	0.8802	0.84752	0.57365	1.7193	1.6555
NIC276	0.79265	0.84116	0.56498	1.5474	1.6483
NIC277	0.78983	0.81711	0.56627	1.5833	1.6162
NIC3	0.79959	0.80952	0.60534	1.522	1.5275
NIC513	0.80667	0.83774	0.54983	1.6531	1.7149
NIC514	0.83557	0.82115	0.56266	1.6707	1.6227
NIC522	0.82364	0.78016	0.57846	1.5898	1.5548
NIC523	0.79006	0.78451	0.56375	1.6117	1.6004
PB303	0.8643	0.8506	0.56605	1.7293	1.6979
PS2025	0.65971	0.81132	0.56636	1.3106	1.5848
PX179	0.85439	0.81987	0.58846	1.6261	1.5695
QG2075	0.81756	0.82117	0.59804	1.5884	1.5873
QG536	0.85723	0.81692	0.53534	1.8166	1.7315
QG556	0.85272	0.85434	0.56627	1.7212	1.7121
QG557	0.77598	0.79849	0.56369	1.5456	1.617
QW947	0.77157	0.78547	0.5619	1.5614	1.5958
QX1212	0.83307	0.84963	0.61862	1.6145	1.6335
QX1233	0.82636	0.86473	0.58317	1.6468	1.6368
QX1791	0.7906	0.78761	0.55801	1.5706	1.5848
QX1792	0.74343	0.81786	0.58963	1.5077	1.6171
QX1793	0.85282	0.83407	0.56588	1.741	1.7056
QX1794	0.82948	0.81643	0.56497	1.6606	1.5915
RC301	0.85517	0.79382	0.55839	1.7227	1.6236
WN2001	0.86309	0.81987	0.56443	1.7579	1.6342
WN2002	0.8328	0.81689	0.56391	1.6714	1.6153
WN2033	0.83766	0.76449	0.58182	1.6315	1.4961
XZ1513	0.88136	0.85556	0.52547	1.8426	1.807
XZ1514	0.86377	0.89107	0.56642	1.6475	1.6995
XZ1516	0.68039	0.75519	0.51888	1.4546	1.6499
