strain	cluster	mw	sw	clusterNorm	mwNorm
AB1	18.4459	21.2134	86.5113	0.21821	0.47338
BRC20067	22.6631	22.3217	42.5797	0.41736	0.64737
CB4852	27.3756	22.7401	85.5295	0.25423	0.34227
CB4854	25.3516	27.5515	124.8854	0.21225	0.23432
CB4856	25.663	37.0567	140.8314	0.18823	0.30081
CB4932	23.5169	18.9831	95.7905	0.21847	0.27366
CX11254	23.2384	35.2149	101.5308	0.22838	0.32925
CX11262	40.9547	47.4424	112.83	0.36298	0.40565
CX11264	19.277	23.5783	82.8069	0.22855	0.30606
CX11271	25.9038	25.9098	109.6568	0.2281	0.30392
CX11276	26.044	43.2251	89.2009	0.3402	0.48458
CX11285	35.4637	34.6724	112.6439	0.29718	0.34898
CX11292	24.0847	26.6999	125.2767	0.19225	0.23825
CX11307	29.334	44.5145	104.027	0.27424	0.37132
CX11314	24.7473	26.0624	126.4829	0.21384	0.2743
CX11315	25.1129	37.4875	124.7209	0.20179	0.29604
DL200	20.1637	24.4224	49.5619	0.34004	0.37049
DL226	29.4303	33.3029	121.4085	0.23035	0.27647
DL238	24.5827	21.4318	124.1902	0.17494	0.19599
ECA246	38.1757	34.9504	59.3684	0.52569	0.6882
ECA248	20.1466	23.4181	102.1257	0.20521	0.22931
ECA250	25.4859	25.0715	107.2364	0.23766	0.2338
ECA251	22.7738	26.5878	95.6293	0.22554	0.25909
ECA252	15.7381	15.3148	14.7743	1.0799	1.0386
ECA259	34.7633	47.5865	160.0626	0.21626	0.30998
ECA348	29.7146	31.441	150.4808	0.18678	0.5418
ECA349	19.7047	23.5345	82.5613	0.26657	0.29715
ECA36	32.9535	45.101	156.0538	0.21258	0.29967
ECA363	36.9027	41.1492	138.8882	0.25676	0.29432
ECA372	28.4572	34.4721	97.0582	0.20491	0.31387
ECA396	30.8384	35.5856	93.4154	0.342	0.38191
ED3005	32.3922	30.0705	119.3357	0.28602	0.2669
ED3011	25.885	25.585	97.6518	0.26577	0.28262
ED3012	27.8448	37.9416	118.5976	0.23349	0.32709
ED3017	27.4305	37.7836	106.1153	0.2966	0.39841
ED3040	28.2994	28.7914	126.5002	0.21707	0.22815
ED3046	15.1927	12.7113	30.2844	0.4643	0.41142
ED3048	30.2976	35.7236	112.7317	0.32785	0.37408
ED3049	24.9737	25.7619	90.5636	0.24173	0.275
ED3052	28.1368	46.9293	120.0946	0.23422	0.39898
ED3073	22.8538	19.7281	69.0433	0.33072	0.34918
ED3077	24.0912	24.285	70.4387	0.36367	0.34477
EG4347	18.0996	22.4344	88.8878	0.1901	0.23768
EG4349	22.8813	24.6605	79.8245	0.28733	0.30922
EG4724	17.3358	18.6095	64.2285	0.29507	0.31597
EG4725	25.1032	23.4	92.3801	0.34569	0.31665
EG4946	21.0664	22.8305	138.1947	0.15829	0.19787
GXW1	22.9524	25.3368	80.0216	0.29953	0.29249
JT11398	24.7775	30.5249	104.3184	0.20795	0.25914
JU1088	23.2545	25.3455	69.3395	0.34083	0.3903
JU1172	25.3316	42.0417	106.4011	0.25724	0.40416
JU1200	26.635	27.5277	107.2954	0.2436	0.31165
JU1212	25.1075	22.789	88.4162	0.24265	0.24177
JU1213	29.1055	32.7107	120.8606	0.24082	0.24722
JU1242	22.4829	27.1648	109.4045	0.19635	0.23916
JU1246	16.8406	26.8516	111.3832	0.14898	0.22725
JU1395	22.7833	23.7102	117.8016	0.21064	0.23359
JU1400	63.965	51.4133	65.5869	0.94897	0.80994
JU1409	29.1954	38.7303	141.2731	0.21805	0.30263
JU1440	18.8846	17.7595	40.5443	1.0061	0.45216
JU1491	25.9543	25.5065	84.3501	0.3077	0.32244
JU1530	23.2374	33.2507	126.8022	0.1961	0.27224
JU1543	20.7922	25.1465	84.6581	0.23143	0.25749
JU1568	26.2267	14.4931	60.7651	0.3073	0.19826
JU1580	30.5619	28.8457	106.0651	0.28814	0.26497
JU1581	46.6991	53.2461	127.241	0.35161	0.395
JU1586	27.1075	27.2042	116.8719	0.2114	0.23975
JU1652	25.755	30.4395	122.1637	0.21375	0.28978
JU1793	23.3839	32.0317	82.0586	0.27398	0.39035
JU1808	23.345	23.5599	121.7195	0.23568	0.25171
JU1896	20.7844	24.5318	107.2011	0.19685	0.23789
JU2001	18.8013	15.0661	37.3278	0.38428	0.4792
JU2007	24.2654	33.2637	98.3406	0.21927	0.3308
JU2131	22.2933	22.9725	104.1568	0.2089	0.21728
JU2141	28.3626	35.8153	91.4496	0.30753	0.31302
JU2234	29.8428	35.6047	125.1951	0.22058	0.28931
JU2464	20.836	17.304	45.2194	0.45961	0.41073
JU2466	18.5902	18.0694	40.3503	0.38882	0.43616
JU2513	27.3609	28.6896	103.8964	0.29438	0.32474
JU2519	23.9798	18.8445	43.2738	0.34938	0.43547
JU2522	25.5199	26.4325	93.0383	0.28489	0.25953
JU2526	32.429	27.9135	110.8387	0.24569	0.23896
JU2534	24.0266	36.5885	81.3597	0.31737	0.47359
JU2565	28.5848	29.4698	108.6052	0.24682	0.231
JU2566	23.6261	30.2001	110.72	0.21555	0.27858
JU2578	21.7721	18.1857	70.2138	0.31008	0.25901
JU258	27.4427	34.2629	104.3048	0.27328	0.32535
JU2587	19.3492	13.3777	48.7049	0.28223	0.27005
JU2593	23.583	27.9874	120.8494	0.17999	0.21055
JU2600	32.3154	30.9926	104.8561	0.30433	0.30627
JU2800	23.9346	28.606	148.8482	0.16743	0.20741
JU2862	19.4604	33.4953	83.2729	0.19427	0.44224
JU2866	29.3233	35.8307	112.9405	0.25996	0.31076
JU2878	28.6812	30.051	75.8857	0.27512	0.3328
JU2879	40.1608	57.6085	104.9133	0.33628	0.50171
JU2906	19.1365	27.0247	114.555	0.17653	0.25822
JU310	20.3045	24.288	86.311	0.27738	0.2941
JU311	34.0305	47.7802	96.0067	0.30142	0.44463
JU3125	31.8337	53.7554	139.7115	0.22302	0.37679
JU3127	28.4002	28.8459	117.1508	0.25728	0.23643
JU3134	22.1653	28.3033	116.2352	0.19069	0.25147
JU3135	24.0116	23.242	116.857	0.20582	0.20572
JU3137	24.1382	32.9195	98.8942	0.25379	0.31907
JU3140	21.347	28.1765	119.5041	0.16726	0.24299
JU323	24.9812	36.0995	125.0667	0.22077	0.31903
JU346	25.2407	24.2339	75.784	0.36353	0.3922
JU360	82.1611	79.061	160.4786	0.50393	0.49266
JU367	24.7554	20.3142	101.6667	0.21572	0.3351
JU393	17.5947	19.4408	90.5439	0.22113	0.24199
JU394	22.6211	24.393	67.6485	0.33641	0.36031
JU397	27.166	38.5455	131.2373	0.21842	0.28038
JU406	31.8267	23.3893	78.6884	0.40447	0.32285
JU440	50.7929	54.232	117.9641	0.43443	0.44945
JU561	22.7242	33.5672	108.2935	0.20984	0.26754
JU642	28.4152	33.0114	119.5355	0.24248	0.30715
JU751	18.441	16.1428	93.1612	0.42957	0.32449
JU774	40.5712	40.2813	103.1626	0.37057	0.35604
JU775	23.0652	22.2601	104.8725	0.23286	0.28138
JU778	23.2329	23.948	84.8942	0.28003	0.2922
JU782	34.5502	23.0557	68.3209	0.49984	0.33566
JU792	20.5347	28.1818	100.096	0.2046	0.28623
JU830	26.1696	21.091	63.7796	0.40598	0.33069
JU847	20.9262	22.5194	128.6433	0.15784	0.21215
KR314	19.9266	19.3329	65.0458	0.28519	0.34855
LKC34	25.2418	26.1372	103.7926	0.26262	0.29103
LSJ1	27.6327	33.0708	89.1641	0.31081	0.37241
MY1	26.298	23.4336	109.6807	0.30174	0.3338
MY10	21.2702	33.03	63.3493	0.23987	0.65255
MY16	31.4583	34.8895	136.8335	0.24348	0.31426
MY18	19.3804	21.8808	61.5296	0.29208	0.25428
MY2212	25.5126	27.9424	134.4206	0.18149	0.2013
MY23	36.5289	49.2635	155.7308	0.24635	0.30752
MY2453	24.356	29.9746	96.2997	0.25912	0.31126
MY2530	21.8217	25.4283	118.3238	0.18028	0.21007
MY2535	25.0248	31.8156	134.2678	0.20623	0.23696
MY2573	20.2416	26.4537	97.9481	0.22023	0.24124
MY2693	23.6531	32.6062	108.922	0.21088	0.28345
MY2741	24.6794	27.5246	121.3046	0.19968	0.23102
MY679	22.5124	25.5042	107.2011	0.18756	0.24962
MY920	30.7468	53.4415	74.1614	0.42619	0.87423
N2	17.6782	14.0619	14.0455	1.0465	1.0372
NIC1	22.2626	22.6884	70.4167	0.28238	0.33388
NIC1107	21.6451	22.4632	94.3783	0.23828	0.27034
NIC166	19.8758	18.7738	41.7226	0.30047	0.69629
NIC195	33.1805	49.9052	109.4968	0.32826	0.45906
NIC199	29.1013	43.5398	131.7806	0.23843	0.33024
NIC2	26.4426	32.2733	95.1931	0.28014	0.31936
NIC207	22.3638	30.7898	104.0016	0.21503	0.29605
NIC231	23.883	24.7675	76.1725	0.30156	0.31577
NIC236	24.3645	26.827	122.905	0.19158	0.21094
NIC242	28.1586	29.0725	86.382	0.29881	0.32549
NIC251	23.1203	27.9611	76.3279	0.28716	0.37068
NIC252	35.752	42.2295	125.8971	0.28398	0.36619
NIC255	24.1705	25.9743	86.1481	0.26821	0.32326
NIC256	29.3779	25.4374	61.8193	0.41163	0.37071
NIC258	15.9259	15.2013	34.8336	0.42146	0.4364
NIC259	40.3013	38.9504	94.2219	0.42773	0.46866
NIC260	24.8409	29.2421	111.0427	0.23596	0.26334
NIC261	26.9338	32.8674	109.4926	0.27791	0.30632
NIC262	77.5547	43.4487	104.1131	0.74491	0.41732
NIC265	19.7705	13.9315	44.6771	0.2386	0.44829
NIC266	26.9249	31.6042	99.7521	0.27702	0.30599
NIC267	29.7937	30.1385	109.1079	0.26952	0.3234
NIC268	28.8378	40.3151	147.9717	0.19512	0.2723
NIC269	54.2515	34.024	115.4614	0.45864	0.29942
NIC271	30.1528	33.6774	90.0312	0.33322	0.34759
NIC272	17.9265	19.3277	71.732	0.24991	0.26944
NIC274	26.4516	27.1028	101.5913	0.24187	0.24855
NIC275	21.4688	25.8343	104.4547	0.2181	0.26245
NIC276	25.5558	36.5074	152.9967	0.18655	0.24116
NIC277	24.3989	33.6893	107.4533	0.2975	0.30664
NIC3	21.9464	17.4318	58.8523	0.377	0.40888
NIC513	24.408	25.0306	106.1291	0.23976	0.23627
NIC514	25.5764	37.4649	117.2793	0.26325	0.31945
NIC522	25.9725	28.2813	90.499	0.27587	0.31288
NIC523	25.3416	31.5058	78.2393	0.34034	0.38176
PB303	24.8824	32.2366	103.5695	0.28151	0.31769
PS2025	39.4991	43.089	119.708	0.32332	0.38161
PX179	26.1717	29.9929	113.1703	0.23009	0.25998
QG2075	11.0976	16.6763	56.7074	0.34249	0.34676
QG536	22.2926	29.7115	88.7942	0.25021	0.33826
QG556	22.674	42.1868	100.7407	0.19007	0.34461
QG557	45.5063	34.5563	123.7513	0.35745	0.33382
QW947	28.0497	29.919	78.8538	0.32687	0.44285
QX1212	18.5638	20.582	75.0316	0.24488	0.26038
QX1233	24.5798	23.9566	112.6529	0.22048	0.33979
QX1791	30.3893	34.4228	124.901	0.25319	0.28525
QX1792	26.2399	32.6518	117.0584	0.2157	0.29225
QX1793	21.1559	22.7898	126.8121	0.15864	0.17971
QX1794	25.3827	26.1829	92.9842	0.22841	0.27422
RC301	31.7672	32.1058	103.5051	0.34048	0.31019
WN2001	23.0671	29.0819	112.2866	0.20189	0.26713
WN2002	23.4015	29.4271	109.0743	0.23222	0.285
WN2033	24.3679	29.6442	99.3224	0.24423	0.32143
XZ1513	28.1791	33.0379	122.0813	0.23127	0.30218
XZ1514	27.0791	32.0682	114.396	0.23522	0.27856
XZ1516	35.2187	34.8498	93.7927	0.29054	0.35913
