strain	cluster	mw	sw	clusterNorm	mwNorm
AB1	45.5918	62.9176	150.6108	0.527	1.3164
BRC20067	53.2594	53.5029	105.9998	0.99809	1.2532
CB4852	60.9048	72.6258	149.8692	0.79251	0.99166
CB4854	59.1661	81.8525	211.1532	0.48598	0.66359
CB4856	63.2813	108.0373	192.3179	0.47465	0.81406
CB4932	54.9879	57.0602	186.7898	0.53216	0.75484
CX11254	64.5979	85.9991	167.6108	0.65474	0.90627
CX11262	100.0279	102.3628	176.5113	0.88654	1.0143
CX11264	45.7228	66.1582	152.8623	0.55484	0.85305
CX11271	66.5635	92.329	179.2262	0.58614	0.94421
CX11276	62.3146	85.7566	167.291	0.71151	0.97289
CX11285	72.9122	123.4113	185.3843	0.57497	0.95744
CX11292	57.6125	69.6135	181.7538	0.45988	0.57043
CX11307	63.4049	107.1474	161.0193	0.60808	0.89378
CX11314	55.037	95.4596	187.1383	0.51101	0.78676
CX11315	80.6517	114.2371	194.6471	0.63672	0.90419
DL200	48.849	66.6517	158.3762	0.94343	1.038
DL226	58.653	92.6705	207.6812	0.51983	0.74022
DL238	61.7257	76.5436	208.08	0.47203	0.70071
ECA246	58.8222	62.5369	84.7975	0.79357	1.117
ECA248	52.866	65.9783	168.1609	0.51766	0.64605
ECA250	71.9388	79.0451	191.7817	0.67084	0.73711
ECA251	55.6693	81.26	191.0451	0.5584	0.83265
ECA252	62.0133	45.178	47.6371	4.2482	3.4251
ECA259	75.5443	137.2642	228.4708	0.47644	0.89244
ECA348	61.9641	97.4682	201.5669	0.38949	0.85068
ECA349	47.2801	72.9098	174.9095	0.58341	0.8904
ECA36	72.1176	145.5241	223.8491	0.48005	0.96841
ECA363	65.872	111.5549	212.1999	0.44627	0.77003
ECA372	62.6904	93.6942	181.4628	0.53742	0.83542
ECA396	65.8041	123.8429	191.9007	0.71876	1.3446
ED3005	76.1955	84.1463	194.2845	0.66502	0.74423
ED3011	56.6119	66.7544	183.3728	0.56553	0.73748
ED3012	64.7615	102.7656	178.3568	0.55476	0.88328
ED3017	66.3628	108.9793	189.641	0.704	1.1117
ED3040	64.0839	88.2742	211.4055	0.49102	0.6803
ED3046	42.4379	37.9626	107.9681	1.2672	1.2287
ED3048	68.4503	106.2179	182.842	0.78579	1.0447
ED3049	59.6351	80.2647	172.8831	0.5975	0.88628
ED3052	65.6226	99.6881	192.3472	0.54855	0.82542
ED3073	61.0942	60.3287	165.4886	0.88565	1.0084
ED3077	57.6433	67.5318	172.7803	0.82451	0.97979
EG4347	46.8084	63.4152	167.4273	0.48712	0.72985
EG4349	60.8689	75.353	156.2301	0.76422	0.94279
EG4724	48.8502	60.832	146.316	0.83263	1.0359
EG4725	62.6609	68.9952	185.2558	0.81901	0.97147
EG4946	52.333	65.5367	207.4694	0.39293	0.56408
GXW1	62.4034	75.6282	210.7281	0.77983	0.91412
JT11398	61.5521	83.5604	196.8275	0.53774	0.75198
JU1088	58.234	78.081	171.956	0.82749	1.1708
JU1172	66.9901	122.2049	195.9185	0.64302	1.1727
JU1200	65.5393	79.1371	185.3324	0.57955	0.81911
JU1212	61.7808	72.9708	166.2306	0.58939	0.77238
JU1213	65.6696	87.5688	212.0163	0.54335	0.68954
JU1242	53.031	87.1306	169.1623	0.4762	0.74383
JU1246	41.3329	104.3882	195.567	0.36687	0.9979
JU1395	57.9041	68.9477	204.3554	0.51959	0.66855
JU1400	88.0989	109.3517	136.0094	1.3258	1.4326
JU1409	67.1019	120.9799	216.1484	0.50259	0.91279
JU1440	52.0209	52.0606	159.8876	2.9302	2.7607
JU1491	54.5378	64.4028	158.9381	0.63994	0.79628
JU1530	57.2776	86.8841	200.2744	0.49107	0.76351
JU1543	51.4718	69.6679	154.8789	0.571	0.81605
JU1568	63.6948	45.5174	141.9818	0.74445	0.5674
JU1580	72.9714	75.8421	167.9913	0.64439	0.80589
JU1581	88.3965	133.9778	195.4658	0.65566	1.0389
JU1586	63.0162	80.6247	188.8043	0.49114	0.68994
JU1652	60.5888	70.4277	193.9859	0.50285	0.60646
JU1793	89.8161	89.422	136.8258	1.0706	1.0897
JU1808	55.8911	79.6015	199.2941	0.60763	0.82654
JU1896	51.3337	69.438	177.7615	0.48518	0.67335
JU2001	50.7046	48.0352	155.2394	0.97752	1.5827
JU2007	58.0861	87.2596	181.0926	0.54045	1.0068
JU2131	52.8906	71.7119	182.2089	0.48782	0.63337
JU2141	65.5383	92.559	163.904	0.71571	0.91341
JU2234	64.7106	99.9226	204.127	0.5316	0.83462
JU2464	49.5986	48.9608	129.2418	1.1201	1.1083
JU2466	48.2042	52.8489	149.1622	1.0402	1.3117
JU2513	61.5788	79.1154	168.9496	0.66368	0.7979
JU2519	64.4637	55.6015	138.9406	0.90266	1.0222
JU2522	61.614	70.3086	158.9309	0.68471	0.81311
JU2526	64.113	84.0841	193.0718	0.54436	0.69522
JU2534	58.7705	85.6224	161.5279	0.69804	0.99661
JU2565	64.6428	111.9154	201.007	0.56073	0.88404
JU2566	60.3814	93.0628	179.761	0.55107	0.85847
JU2578	50.6372	50.8796	189.8824	0.72119	0.72464
JU258	66.5482	106.2804	185.991	0.69983	0.99089
JU2587	50.2743	60.1967	158.7273	0.75315	0.93834
JU2593	54.3888	77.8663	221.5321	0.43052	0.62679
JU2600	73.3449	82.5238	178.3505	0.66357	0.81575
JU2800	55.6275	95.9062	212.2283	0.39644	0.71185
JU2862	50.9996	81.7643	159.2294	0.50913	1.0619
JU2866	70.2163	99.4392	174.2301	0.62239	0.86392
JU2878	64.7113	82.2032	136.7778	0.67203	0.97956
JU2879	90.3206	124.4928	159.6574	0.75628	1.0968
JU2906	52.0406	93.9642	173.6241	0.47935	0.87613
JU310	53.5949	67.1746	172.8415	0.69313	0.7762
JU311	70.7411	132.7197	185.2915	0.61842	1.3436
JU3125	72.1349	143.2499	205.2876	0.50633	1.0027
JU3127	60.7118	91.7861	178.2958	0.55	0.8245
JU3134	58.4882	88.4389	196.0846	0.50961	0.78577
JU3135	54.6243	68.0725	219.0622	0.46737	0.58815
JU3137	56.2051	80.4571	167.5678	0.59095	0.78068
JU3140	53.3027	82.1358	177.6391	0.46191	0.76306
JU323	62.4117	90.7998	192.5375	0.55157	0.71639
JU346	59.4902	68.6585	175.9716	0.85806	1.0104
JU360	115.1485	159.5733	215.6303	0.69557	1.0935
JU367	53.7511	51.5207	179.3785	0.48131	0.8796
JU393	48.3697	57.6015	181.1324	0.61368	0.72925
JU394	54.8053	65.7183	157.0162	0.85464	0.98733
JU397	68.3771	117.4316	187.5058	0.49942	0.85425
JU406	68.3098	69.3426	154.2457	0.86811	0.97114
JU440	104.153	135.3696	180.1527	0.80111	1.1423
JU561	56.0849	91.57	186.2338	0.5179	0.81049
JU642	65.1696	100.2589	191.7129	0.5623	0.8252
JU751	44.6481	44.5232	196.97	1.0308	1.0015
JU774	78.151	111.4654	182.8541	0.69196	1.1042
JU775	59.7991	75.2493	167.4977	0.57342	0.83925
JU778	58.6186	71.7627	159.6572	0.70379	0.86151
JU782	73.7309	63.5862	173.1938	1.073	0.92634
JU792	53.0603	77.767	161.6665	0.53058	0.79295
JU830	60.9334	61.014	182.6913	0.87237	0.95664
JU847	56.7569	77.2381	196.4015	0.42653	0.73673
KR314	51.0135	51.1885	163.0917	0.77235	0.90954
LKC34	61.4919	73.3401	197.0414	0.54457	0.75564
LSJ1	66.6818	86.3695	145.7121	0.74978	0.97021
MY1	63.7901	69.6378	196.244	0.68879	1.0051
MY10	47.0486	75.7218	126.0943	0.52502	1.2518
MY16	69.6602	104.6755	215.9079	0.54124	0.87959
MY18	45.9643	61.1502	147.6708	0.7164	0.94099
MY2212	58.1622	83.8283	203.2759	0.41894	0.64316
MY23	79.6972	138.8779	218.8912	0.58443	0.90674
MY2453	61.223	87.1511	181.5751	0.61904	0.87056
MY2530	53.4079	70.789	189.8231	0.44122	0.58482
MY2535	65.396	91.6121	193.0212	0.51108	0.69015
MY2573	49.6095	77.3377	171.8717	0.51404	0.70613
MY2693	61.3602	101.1337	179.5197	0.54707	0.85739
MY2741	57.4266	88.8579	205.3302	0.44841	0.72302
MY679	59.4081	80.0858	182.5815	0.53552	0.71087
MY920	67.3975	132.523	154.5841	0.93422	1.377
N2	56.5719	44.1999	42.8771	3.3973	3.1313
NIC1	54.3284	60.9122	153.0911	0.67015	0.90762
NIC1107	51.9784	59.4994	183.2131	0.54928	0.73507
NIC166	48.8994	49.5824	117.7566	0.73922	1.8588
NIC195	80.2356	119.2296	170.971	0.73653	1.1003
NIC199	73.6113	128.752	185.1689	0.57837	0.97667
NIC2	63.7066	88.1189	185.8833	0.67602	0.83738
NIC207	54.2115	86.7902	184.7557	0.52126	0.83451
NIC231	56.6861	58.3872	147.5772	0.79404	0.76486
NIC236	58.6969	75.4883	197.5269	0.46154	0.59358
NIC242	68.0005	77.3296	183.6898	0.63415	0.92263
NIC251	55.4739	67.8265	169.492	0.69981	0.92662
NIC252	76.2433	139.1497	199.16	0.6056	1.0709
NIC255	55.7532	78.0011	166.7794	0.65159	0.99424
NIC256	65.7114	74.033	153.71	1.1019	1.0265
NIC258	48.3039	60.6029	117.5171	1.2781	1.6035
NIC259	69.675	100.3126	181.1022	0.87338	1.0755
NIC260	61.4286	87.5083	196.4709	0.5532	0.75526
NIC261	62.0565	92.3732	185.745	0.62774	0.93341
NIC262	110.544	123.274	181.1714	1.0618	1.184
NIC265	46.4915	39.0941	96.5962	0.56109	1.4531
NIC266	68.2975	84.3127	179.9758	0.70263	0.84522
NIC267	68.993	89.2602	194.0686	0.62442	0.81809
NIC268	66.35	119.5198	203.8795	0.44901	0.80132
NIC269	143.0822	119.5319	186.4991	1.1982	1.0317
NIC271	72.4458	87.7557	169.3432	0.77918	0.89415
NIC272	42.569	63.686	178.1895	0.59344	0.88783
NIC274	63.9656	85.7623	172.6701	0.61009	0.71731
NIC275	57.3795	81.7979	180.9574	0.48774	0.83097
NIC276	63.9972	112.2936	216.8355	0.47571	0.76824
NIC277	58.6084	93.3255	192.4885	0.57136	0.88494
NIC3	50.6246	56.5414	152.7688	0.85665	1.133
NIC513	50.2262	76.7455	164.3123	0.46638	0.74776
NIC514	61.1873	95.1657	192.3597	0.61138	0.85981
NIC522	62.353	76.3267	174.5143	0.6556	0.85094
NIC523	57.2161	89.4366	175.0706	0.91855	1.1327
PB303	62.1585	100.566	172.3014	0.67175	1.0343
PS2025	84.0063	124.0362	182.1989	0.68003	1.0362
PX179	58.2848	80.8532	156.5865	0.60271	0.6975
QG2075	39.128	55.0657	124.9449	0.92244	1.0959
QG536	56.5156	76.4477	151.821	0.63663	0.87053
QG556	60.0673	112.8631	184.3772	0.49495	1.001
QG557	84.0267	99.8545	183.3781	0.62511	0.9069
QW947	63.818	79.4648	166.3139	0.79728	1.1303
QX1212	46.9047	53.586	167.9756	0.56746	0.77895
QX1233	56.1861	60.5445	171.5708	0.50342	0.90286
QX1791	66.3005	104.1283	189.0422	0.57646	0.91914
QX1792	62.2888	91.1226	187.5037	0.51323	0.75203
QX1793	54.363	66.6233	185.8233	0.40763	0.52537
QX1794	65.1052	80.2004	178.9096	0.6152	0.75334
RC301	71.7125	89.1409	172.4207	0.70996	0.87237
WN2001	57.0508	86.5582	184.9142	0.49933	0.79552
WN2002	56.1067	79.8736	184.9509	0.56386	0.86677
WN2033	58.3103	80.4589	189.3906	0.58708	0.81008
XZ1513	62.1389	94.6627	183.0065	0.50925	0.87436
XZ1514	59.9165	85.9245	182.6304	0.52046	0.87999
XZ1516	72.119	93.6095	153.3862	0.63281	0.8898
