strain	min	10prc	25prc	median	mean	75prc	90prc	max	iqr
AB1	0	-0.4116	-1.2725	8.1511	10.2249	18.3186	19.7905	-4.3967	-10.5008
BRC20067	-0.58267	-8.6855	-6.6249	-9.2359	-9.0096	-9.9437	-12.7299	-4.0188	-3.3187
CB4852	0	18.721	36.0492	65.5512	64.9584	91.2126	81.4425	170.1354	39.5975
CB4854	-0.041871	4.5888	12.7003	26.0187	15.4005	17.949	17.6138	52.2522	12.6223
CB4856	-0.089433	-7.0568	-1.7914	7.4583	6.0632	8.2105	10.109	27.9055	7.7589
CB4932	-0.083108	6.2988	23.5821	47.4496	44.9931	71.8951	75.619	125.1613	46.89
CX11254	0	4.741	9.8666	14.5641	13.2241	17.4108	16.9979	66.3838	6.0108
CX11262	-0.075526	-12.5293	-9.5408	-9.8528	-12.7818	-10.9903	-16.6079	12.1088	-1.4496
CX11264	-0.1005	-14.5213	-29.147	-32.0238	-21.3603	-24.5094	-15.8672	31.2834	3.8557
CX11271	0	6.2952	13.8338	21.6769	15.5709	17.7582	13.9916	47.5168	3.9244
CX11276	0	0.23644	3.1431	3.7018	4.3401	3.8199	4.4306	22.895	-0.9682
CX11285	-0.13257	-43.2474	-67.5017	-56.4883	-44.524	-33.9471	-21.583	20.223	32.7546
CX11292	-0.11035	2.5395	8.1132	5.9521	5.0966	-0.81589	-9.6813	-23.6952	-4.1736
CX11307	NaN	NaN	NaN	NaN	NaN	NaN	NaN	NaN	NaN
CX11314	-0.023166	6.9582	12.1747	7.529	7.4538	13.609	6.1006	19.2747	-7.3451
CX11315	-0.031213	4.5147	8.6084	1.5023	-0.904	-11.7984	-12.3777	24.7926	-20.4068
DA609	-0.073063	-16.3145	-27.1182	-30.1563	-17.2799	-13.4153	-0.38517	17.2281	12.57
DL200	-0.13925	-14.7852	-34.3301	-54.8911	-32.8186	-32.0169	-12.2683	7.4516	0.012837
DL226	-0.017555	9.1705	14.7775	-9.5409	3.4955	1.7636	5.8494	68.1012	-9.4852
DL238	0	-3.3878	-11.7725	11.8655	6.077	21.1787	25.0132	69.4378	27.6247
ECA246	0.24734	-2.1427	-6.2657	-24.6716	-17.6642	-30.2033	-29.1601	-27.1391	-27.2013
ECA248	-0.42465	7.1314	12.8055	25.2598	20.6868	29.2021	28.457	47.7724	17.3255
ECA250	0.06256	-20.645	-31.8216	-33.1431	-19.4972	-15.4648	-6.6497	12.8786	17.9919
ECA251	-1.6667	-41.6562	-79.8103	-62.5889	-45.2821	-19.717	-1.9735	37.5681	46.2368
ECA252	0	-2.2538	-4.9169	-6.6998	-8.2005	-9.4875	-17.7958	-4.963	-6.9241
ECA259	-0.052104	5.2546	15.1113	25.0476	17.5376	18.766	15.6284	73.2325	4.6344
ECA348	0.1808	51.1856	70.1201	109.8875	73.4811	57.17	39.5097	30.8372	-6.7759
ECA349	0	4.4564	10.8777	17.324	15.5569	19.0144	30.6146	97.0746	3.4534
ECA36	-1.9922	-38.2847	-48.4163	-28.3246	-24.5007	-10.78	-0.46444	47.5968	37.7997
ECA363	-0.25176	-14.1285	-18.163	-42.0175	-19.936	-26.3879	-14.4959	43.9408	8.6722
ECA372	-0.37965	-36.313	-44.4527	-22.8601	-17.2214	6.9204	26.7006	31.7328	53.8979
ECA396	0	-31.7127	-55.1854	-39.0891	-25.9966	-9.3625	8.7843	26.1072	45.8229
ED3005	0	2.871	17.0239	52.7715	22.5465	24.3969	-4.0297	3.7802	7.373
ED3011	-0.03764	3.3965	20.2082	39.8717	30.0689	42.0981	38.6715	128.8298	14.0198
ED3012	NaN	NaN	NaN	NaN	NaN	NaN	NaN	NaN	NaN
ED3017	0	-6.7508	-6.8919	-4.3819	-0.77388	-7.1217	5.8986	61.231	1.6524
ED3040	0.027497	-0.9365	4.6395	13.7651	3.7084	0.87105	0.85804	32.1886	11.1138
ED3046	-0.027613	-2.244	-12.8863	-32.6509	-23.5554	-25.4841	-31.2394	-43.5532	-16.2835
ED3048	0	8.4821	15.0774	17.1635	13.7462	14.6375	11.2578	17.5794	2.712
ED3049	-0.38228	-18.0178	-17.7118	-32.6017	-17.4372	-13.9699	1.7752	59.8488	1.0213
ED3052	-0.051726	1.0369	9.6285	13.4626	5.2398	1.7823	-0.78779	11.1136	-7.8462
ED3073	-0.040944	-15.3986	-26.0898	-36.8525	-23.5868	-21.6638	-2.0213	6.3043	7.9949
ED3077	-0.14456	-41.4896	-67.4145	-79.2175	-52.7539	-47.5807	-20.6439	6.9342	19.8338
EG4347	0	-5.2729	1.3007	31.8869	25.7998	48.5948	45.9194	44.7979	39.9977
EG4349	0	7.7209	15.0916	23.3514	15.9067	22.3858	8.8602	12.3926	7.2942
EG4724	0	-2.2452	-3.2708	-3.7598	-3.2656	-1.9364	3.3068	-8.9327	1.3345
EG4725	0	-5.5686	1.9677	14.3889	4.3537	2.3323	5.8338	42.8844	6.5148
EG4946	0.066554	4.8501	11.6074	11.3646	10.2508	11.9156	2.8781	17.0749	-6.089
GXW1	-0.035974	-9.0501	-14.5673	-14.9466	-3.8656	3.7906	52.3571	112.6116	18.3579
JT11398	-0.080127	-4.1748	-6.0374	-1.87	-3.4279	1.4946	9.362	31.0258	13.5103
JU1088	-0.050482	-0.35937	-1.2522	-2.4871	2.1318	6.4791	13.0348	18.7905	19.7956
JU1172	-0.30071	-6.179	-6.4321	-4.2789	0.40846	10.0993	18.1836	22.4378	12.1698
JU1200	-0.11637	1.5477	10.3234	18.9546	15.9505	21.3815	20.5756	58.3317	9.6823
JU1212	-0.069	-3.1167	-8.9841	-7.2381	-4.803	-0.68031	3.3024	79.3967	3.0568
JU1213	-0.072278	0.3946	6.6563	32.7707	19.101	26.1395	16.1054	48.7411	3.6215
JU1242	0	4.361	9.2273	9.0893	9.0603	-0.80634	-4.0649	30.0612	-2.5901
JU1246	0.053975	-7.6408	-16.0009	4.2324	6.755	27.1942	29.1707	50.7002	29.2448
JU1395	-0.041223	2.8232	8.5843	15.6977	13.7372	21.2135	15.1395	11.6917	11.0691
JU1400	0.065638	-4.3271	-8.8553	-11.5571	-3.5946	-4.5719	3.2787	4.0298	4.2834
JU1409	0	8.223	20.3213	20.0645	13.1577	8.7873	5.3791	10.0756	-11.68
JU1440	-0.2782	-11.8227	-19.4824	-24.3683	-4.5878	4.4117	45.3273	30.2138	23.8941
JU1491	0	10.8042	21.6021	18.7584	10.6261	1.9992	9.0859	8.8075	0.26769
JU1530	-0.069018	3.8266	-1.2925	6.1886	1.9045	6.553	9.4682	66.8865	-3.0117
JU1543	-0.45151	-21.2287	-22.4391	6.9234	11.0311	40.1705	58.7805	108.6659	62.6096
JU1568	0	8.6282	9.4141	10.8801	8.2142	15.0034	5.974	-11.0567	7.2408
JU1580	-0.027321	7.7843	10.0104	7.5766	17.0988	20.753	25.0053	62.3421	13.2708
JU1581	-0.0051603	-2.5987	-5.0522	-7.8948	-6.6305	-6.6364	-5.8247	-62.4538	-3.272
JU1586	-0.07894	-11.8223	-8.0586	-2.514	-2.1768	1.9585	7.0334	46.8726	3.1688
JU1652	-40.4828	-91.9564	-82.01	-51.5832	-45.517	-20.6555	-6.1929	54.2654	57.0483
JU1793	-1.4798	-26.4724	-34.0996	-28.6369	-18.0305	-10.9765	0.14876	74.4025	19.1632
JU1808	0	-11.4315	-9.4601	27.8717	6.7044	20.4253	1.1241	12.1156	19.5347
JU1896	-0.039898	-6.2542	-5.4921	7.9204	3.1532	9.9457	11.4112	8.74	12.8344
JU2001	-0.058075	-20.6179	-43.2261	-74.9937	-45.4759	-50.6579	-20.9014	-4.5068	-10.8906
JU2007	-0.59691	-11.103	-20.516	-27.5397	-20.6101	-24.7569	-15.0004	8.6391	-4.8177
JU2131	NaN	NaN	NaN	NaN	NaN	NaN	NaN	NaN	NaN
JU2141	-0.27196	-16.7999	-20.583	-24.7838	-14.4336	-8.9722	-0.64321	29.1533	2.9345
JU2234	-0.14141	-7.4178	-8.5844	5.5875	4.7222	22.6601	33.6645	37.7995	27.9182
JU2464	-0.051235	-6.7461	-7.519	-5.2861	0.49518	-1.6885	2.3212	36.1699	0.59045
JU2466	-0.064523	-20.9243	-40.8061	-58.1981	-37.5037	-49.8048	-17.6054	21.0828	-12.4489
JU2513	-0.12991	-12.3882	-14.4449	-10.1393	-18.0892	-28.9409	-22.7625	23.9991	-3.739
JU2519	-0.0082842	-7.7324	-24.0816	-28.0461	-20.9337	-21.1445	-22.5044	-6.5718	3.7132
JU2522	0.051458	7.9473	-1.6766	-23.3397	-7.7278	-3.7869	-0.12313	15.63	-4.9271
JU2526	0	-22.3717	-36.2698	-33.4496	-27.4555	-20.4068	-15.4255	-36.2889	10.2604
JU2534	-0.022185	-7.7471	-7.034	-4.4048	0.95385	5.1517	10.8048	26.978	5.2698
JU2565	-0.1597	6.4093	4.7964	-4.8125	1.6549	0.85002	3.9461	63.2571	27.9541
JU2566	-0.035653	-1.0285	-5.7731	-5.5294	0.78881	6.4621	1.9153	21.8791	-0.57529
JU2578	-0.075256	-23.313	-44.0117	-40.0136	-24.2977	-9.1747	2.4833	15.6952	34.837
JU258	-0.032659	-0.41939	-1.5417	-2.1349	4.5486	6.3005	16.3144	63.2151	14.2111
JU2587	0	-5.7653	-8.2878	-4.6384	-2.6177	-0.76991	16.6213	-32.1618	7.5179
JU2593	-0.034689	-0.33994	10.6457	57.9244	38.3104	59.8167	45.2821	34.2411	43.0235
JU2600	0	-2.5798	1.1176	-16.4119	-9.3852	-3.4058	1.7055	39.3378	9.1074
JU2800	0	3.7242	19.5523	25.3737	18.7834	19.6036	20.8167	49.0669	2.7772
JU2862	-0.023426	-32.3443	-46.6335	-55.1762	-41.493	-44.2145	-25.1519	-42.9116	2.3318
JU2866	-0.99083	-33.5481	-30.219	1.0704	0.96505	22.6834	33.0109	108.4207	54.0841
JU2878	-0.047983	-9.4002	-16.2813	-19.3921	-18.8865	-22.6107	-18.5955	30.0749	-7.8426
JU2879	-1.2162	-26.6391	-19.7908	-15.634	-9.9574	-0.67765	11.7142	41.5166	25.3691
JU2906	-0.034124	2.9366	-4.0277	-0.4928	3.6362	4.9078	11.4366	4.1165	14.8059
JU310	0.11291	-5.5964	-12.0431	-20.6025	-12.2582	-12.8536	-13.8378	-28.9561	-1.2919
JU311	-0.33567	1.7844	16.3456	17.1247	4.8913	3.8237	-1.1388	39.4815	-11.767
JU3125	0	20.1078	39.8004	42.9078	31.2796	27.7815	23.545	39.3786	-10.2664
JU3127	0	7.2995	19.4595	17.2947	6.8994	-1.9402	-9.2728	14.241	-22.9646
JU3134	-0.016488	7.3974	20.0221	34.3265	22.7628	25.0795	22.8138	63.9082	1.9879
JU3135	-0.23265	-42.7935	-57.5697	-39.4271	-29.0309	-9.977	-0.63341	84.7955	44.4371
JU3137	0	-7.3257	-11.8738	-6.8651	-8.3001	-3.8644	2.982	-13.8085	10.3797
JU3140	0	4.158	15.6121	25.272	11.4933	4.4522	2.8574	3.7113	-18.1078
JU323	0	9.7905	26.0141	55.699	35.229	42.4991	22.7543	46.9251	11.8167
JU346	0	5.0026	7.7185	17.9227	9.5011	21.0586	11.4706	26.2068	15.0249
JU360	-0.89201	-40.4495	-26.5638	-10.3182	-16.4209	-4.2617	2.8693	108.7329	25.5179
JU367	NaN	NaN	NaN	NaN	NaN	NaN	NaN	NaN	NaN
JU393	-0.10677	-16.7984	-26.5929	-24.1808	-13.1832	0.60564	4.6631	64.53	18.3957
JU394	0	5.7452	14.1434	29.4357	26.2585	48.3229	36.4522	87.3056	38.0516
JU397	-0.09437	-14.4625	-29.7756	-27.2229	-19.9455	-17.4707	-12.5793	-11.5879	13.4133
JU406	-0.19358	2.9144	5.4706	7.4889	1.2621	-2.8831	-18.6135	13.1408	-11.5866
JU440	-0.05381	-1.9927	0.51297	3.8304	2.0946	5.5019	1.5597	65.27	5.924
JU561	0	11.9037	30.4799	63.3694	51.8451	75.8278	63.4364	122.2305	45.348
JU642	-0.017036	4.1207	12.8578	30.4341	21.3034	23.5576	14.9033	41.6164	-3.9569
JU751	0.83075	24.7902	12.9468	-6.4646	-1.1964	-27.6963	-8.608	-30.7139	-40.6431
JU774	-0.067702	-8.8856	-21.2122	-34.6587	-21.0567	-19.3384	-11.3276	65.9829	-3.806
JU775	0	4.4641	20.9473	32.8322	23.3948	16.753	13.2603	17.3533	-3.8676
JU778	-0.022521	5.8136	14.6384	-14.0802	-6.139	-15.7141	-12.1033	-36.3399	-30.3526
JU782	-0.16277	-11.2864	-12.566	-2.5459	4.6842	25.9465	31.0357	92.0426	38.5125
JU792	0	5.7473	10.9643	18.5675	12.8141	17.4001	8.7239	41.9944	6.4358
JU830	-1.0257	-23.4226	-43.1101	-64.858	-38.136	-49.734	-33.0864	31.4668	-14.9763
JU847	-0.011395	-2.652	9.1845	23.5862	16.4171	22.8703	23.3351	13.0894	13.6858
KR314	-1.0056	-20.7564	-17.7528	2.3012	15.5625	40.9268	76.9756	133.7762	58.4571
LKC34	0	4.7517	10.6745	17.1939	19.8726	28.8361	33.8806	31.7329	6.5317
LSJ1	-0.042018	3.5864	4.9915	4.7223	4.4504	6.6218	3.4139	25.1617	1.6303
MY1	-5.6523	0.57355	18.0071	48.7846	43.6973	67.8573	69.0373	106.9342	48.6796
MY10	-0.23342	-30.8825	-59.6995	-80.1695	-58.9371	-62.4914	-57.7887	-31.4866	-2.7919
MY16	0	7.5766	5.3291	5.4961	7.9993	8.9469	13.7973	45.7175	13.4315
MY18	-0.10828	-24.9747	-56.358	-57.3821	-41.4422	-33.8274	-28.0864	-35.6163	39.3663
MY2212	0.10085	21.5809	36.0577	37.5828	24.2502	11.1385	1.027	64.2562	-19.881
MY23	-0.16173	-15.3661	-10.4719	-19.724	-20.1843	-22.118	-20.475	14.6689	-6.3802
MY2453	0	6.9076	20.0431	43.5593	31.2831	39.4402	24.0254	72.3327	15.6222
MY2530	-0.077814	-1.633	2.3031	19.565	15.6555	26.0407	26.9403	73.3828	10.2252
MY2535	0	10.863	32.8945	34.7931	21.9252	15.2582	9.8147	59.6202	-21.7396
MY2573	-0.019072	1.211	7.821	-0.79828	-7.0904	29.4068	57.6324	204.676	76.2011
MY2693	0	3.7193	10.0717	9.2896	-0.4817	-13.0789	-16.4842	-9.2551	-13.8082
MY2741	NaN	NaN	NaN	NaN	NaN	NaN	NaN	NaN	NaN
MY679	0	6.4588	17.3356	22.0435	18.1164	18.4021	16.0911	-11.1398	-5.7078
MY920	0.27694	4.2385	13.9307	23.7725	18.9999	33.096	16.9914	32.7396	14.1539
N2	0	-0.44984	-1.0016	-1.9679	-2.6549	-3.6736	-3.6448	20.967	-1.6921
NIC1	-0.11225	-13.0734	-21.9008	-26.3713	-19.432	-23.7636	-10.5975	-36.0233	-9.2336
NIC1107	-0.22397	-26.9318	-41.0337	-18.636	-6.5916	10.18	11.5231	96.8656	42.7357
NIC166	-0.064709	-15.2815	-27.6333	-71.9238	-60.5194	-86.6879	-89.2086	-117.6112	-59.0546
NIC195	-0.041291	6.0314	15.6173	17.0809	12.2874	13.2146	8.2157	39.7775	0.34129
NIC199	0	18.1629	30.8943	31.6794	22.4066	16.2187	11.3156	58.8638	-11.275
NIC2	-0.095334	-0.22954	-0.63707	0.40278	2.0237	10.2518	14.1611	-1.6717	0.97734
NIC207	NaN	NaN	NaN	NaN	NaN	NaN	NaN	NaN	NaN
NIC231	-0.61402	-38.9994	-54.8643	-72.5299	-52.8221	-53.6564	-38.0571	19.6646	3.1152
NIC236	0	9.6163	21.6538	34.6169	28.4909	36.5458	39.6997	65.2175	16.9544
NIC242	0	-6.4593	-9.4713	5.4756	4.0903	15.3365	2.8739	30.1027	8.1961
NIC251	-0.09563	-16.3866	-41.4541	-44.9292	-26.5721	-19.7668	-11.6399	41.3631	25.6509
NIC252	-0.083008	-12.9635	-25.6853	-21.3328	-16.3555	-17.2619	-18.5897	-21.5177	17.5952
NIC255	0	-17.454	-24.2023	-15.7586	-12.077	-2.9202	-0.96373	-16.357	17.2243
NIC256	-0.094905	-22.9015	-39.0737	-40.2941	-28.8925	-33.1139	-26.5721	-14.0019	6.4702
NIC258	-23.5881	-34.0488	-37.5435	-41.3978	-31.7715	-29.9916	-19.5127	53.703	7.5519
NIC259	-0.18279	-19.0218	-25.6987	-19.9027	-12.1565	-1.8888	8.5039	92.4243	23.8099
NIC260	0	4.821	15.2513	42.5019	28.5502	42.9106	29.2137	41.9454	28.7223
NIC261	-0.14988	-6.7008	-7.0274	-7.7019	-10.0993	-15.1281	-16.5954	37.3141	-2.0308
NIC262	0	6.9097	16.6557	30.3058	24.1003	29.0667	34.4424	85.8383	12.4111
NIC265	-0.60257	-26.4988	-45.4586	-69.9376	-60.5255	-79.1128	-83.0848	-67.5076	-33.6542
NIC266	NaN	NaN	NaN	NaN	NaN	NaN	NaN	NaN	NaN
NIC267	0	-8.308	-10.1761	-4.4603	-1.4395	4.4738	2.0642	13.447	16.7867
NIC268	-0.085536	-16.5716	-17.5868	-4.8991	-5.9358	2.0682	4.5889	27.2619	19.655
NIC269	-0.42249	-18.162	-22.528	-11.9196	-7.1444	2.4705	11.0914	69.967	24.9985
NIC271	0	16.459	34.4862	54.7122	43.7643	60.9145	48.6679	18.3227	26.4283
NIC272	0	-21.701	-39.7274	-50.1853	-34.7037	-38.0507	-18.9191	10.9118	1.6767
NIC274	0	-4.7673	-7.9161	-5.2906	-7.5185	-8.884	-2.6118	42.3102	5.4221
NIC275	-0.015109	-4.5614	-10.291	-11.0505	-6.5693	-0.41025	5.74	77.4677	-1.4296
NIC276	0.04859	17.8909	30.7748	25.8693	18.2296	10.5137	2.1105	44.0605	-12.7353
NIC277	0	6.5953	23.2178	35.5981	30.9938	34.223	45.0641	118.0108	8.6868
NIC3	0	3.2836	11.728	13.0574	16.4086	22.2339	31.2635	92.0546	10.5058
NIC513	-0.01556	-22.3269	-26.2479	-16.9355	-13.3527	-3.6554	-0.89049	25.6819	22.5925
NIC514	-0.10326	4.2433	11.1408	20.5278	15.2524	19.4698	12.9957	37.183	8.7959
NIC522	0	2.4737	7.2082	14.8102	9.3096	11.2585	9.0704	8.602	0.73715
NIC523	-0.0060422	7.1717	11.6446	17.2538	16.7679	25.1512	22.9917	71.7448	13.5066
PB303	0	10.9716	24.0361	27.1739	17.473	14.5301	4.4809	36.5902	2.6161
PS2025	-0.70167	-6.1214	-1.6291	-0.6233	-3.1633	-5.9017	-1.9784	42.9525	-0.86691
PX179	-1.0424	-36.0972	-46.4897	-12.7292	-15.8212	-1.0114	5.1327	97.2082	40.5644
QG2075	NaN	NaN	NaN	NaN	NaN	NaN	NaN	NaN	NaN
QG536	0	-10.554	-17.4678	-19.4322	-14.0345	-13.7668	-9.907	38.7737	0.83543
QG556	0	-5.1214	-8.7598	-0.59724	-0.71626	7.4544	10.3007	45.1565	16.2141
QG557	-0.10671	-6.1262	-5.0457	5.3077	5.7529	14.745	18.2747	70.5289	15.1952
QW947	-0.04424	-0.63751	0.40034	5.8348	3.5952	4.6852	10.9941	65.1572	3.0393
QX1212	0	-1.5109	6.8864	21.4535	21.1398	32.7538	52.3931	34.6278	24.922
QX1233	-0.024796	1.7013	6.9864	17.631	15.5945	20.0605	13.6179	-16.9956	-1.4698
QX1791	0	-2.4131	-2.5161	-24.0966	-16.8661	-16.595	-11.8605	30.683	-1.7261
QX1792	-0.11147	1.5816	5.2043	10.3135	5.1077	4.5791	6.5369	43.4303	-1.9318
QX1793	0.00020345	4.2945	15.7746	28.2913	22.7585	26.7013	28.0588	80.5529	-0.98021
QX1794	0	6.86	14.5017	11.5156	12.0288	14.5695	11.0225	41.7571	8.0086
RC301	0	-6.6637	-10.2058	0.68585	1.1632	6.7253	6.7743	42.0329	8.206
WN2001	-0.093856	-0.14775	3.5201	-6.9927	0.87016	-4.362	3.2868	37.9908	-4.5819
WN2002	0	3.415	4.289	7.1988	6.2842	12.0588	12.3239	6.648	10.3879
WN2033	-0.078884	-7.1402	-8.5827	-7.5445	-1.6187	6.1512	9.4149	-3.8223	7.3816
XZ1513	0	21.8609	45.6023	55.2215	38.1702	32.3394	27.9164	23.682	-12.8278
XZ1514	-0.00098536	-19.757	-44.7437	-27.4777	-30.4553	-5.8541	-4.8378	-51.3784	23.2957
XZ1516	-0.13426	-11.1028	-20.5912	-18.29	-14.9617	-12.2506	-11.2829	15.0484	8.3406
